(-9.99999e+06,1.02485,-600000)
(-9.99989e+06,13.9834,-600001)
(-9.99979e+06,31.7724,-600003)
(-9.99969e+06,54.2163,-600006)
(-9.9996e+06,81.0934,-600012)
(-9.9995e+06,112.139,-600020)
(-9.99941e+06,147.045,-600031)
(-9.99932e+06,185.469,-600046)
(-9.99923e+06,227.029,-600063)
(-9.99914e+06,271.316,-600085)
(-9.99905e+06,317.893,-600110)
(-9.99897e+06,366.298,-600140)
(-9.99889e+06,416.054,-600173)
(-9.99881e+06,466.67,-600211)
(-9.99874e+06,517.644,-600254)
(-9.99866e+06,568.472,-600300)
(-9.99859e+06,618.654,-600352)
(-9.99853e+06,667.692,-600407)
(-9.99846e+06,715.101,-600467)
(-9.9984e+06,760.413,-600530)
(-9.99834e+06,803.18,-600597)
(-9.99828e+06,842.978,-600668)
(-9.99822e+06,879.415,-600743)
(-9.99816e+06,912.129,-600820)
(-9.99811e+06,940.797,-600900)
(-9.99806e+06,965.135,-600982)
(-9.99801e+06,984.902,-601066)
(-9.99795e+06,999.902,-601151)
(-9.9979e+06,1009.99,-601238)
(-9.99786e+06,1015.06,-601325)
(-9.99781e+06,1015.06,-601412)
(-9.99776e+06,1010,-601500)
(-9.99771e+06,999.919,-601586)
(-9.99766e+06,984.923,-601672)
(-9.9976e+06,965.158,-601756)
(-9.99755e+06,940.818,-601838)
(-9.9975e+06,912.145,-601918)
(-9.99744e+06,879.421,-601995)
(-9.99739e+06,842.97,-602069)
(-9.99733e+06,803.152,-602140)
(-9.99727e+06,760.361,-602207)
(-9.9972e+06,715.02,-602271)
(-9.99714e+06,667.577,-602330)
(-9.99707e+06,618.501,-602386)
(-9.997e+06,568.278,-602437)
(-9.99692e+06,517.404,-602484)
(-9.99685e+06,466.382,-602526)
(-9.99677e+06,415.718,-602564)
(-9.99669e+06,365.912,-602598)
(-9.99661e+06,317.458,-602627)
(-9.99652e+06,270.834,-602652)
(-9.99643e+06,226.503,-602674)
(-9.99635e+06,184.903,-602691)
(-9.99625e+06,146.445,-602706)
(-9.99616e+06,111.511,-602717)
(-9.99606e+06,80.4466,-602725)
(-9.99597e+06,53.5591,-602730)
(-9.99587e+06,31.115,-602734)
(-9.99577e+06,13.3366,-602736)
(-9.99567e+06,0.400061,-602736)
(-9.99557e+06,-7.5664,-602736)
(-9.99547e+06,-10.4837,-602735)
(-9.99537e+06,-8.32291,-602734)
(-9.99527e+06,-1.10517,-602734)
(-9.99517e+06,11.0981,-602734)
(-9.99507e+06,28.1663,-602736)
(-9.99497e+06,49.9303,-602739)
(-9.99488e+06,76.1746,-602744)
(-9.99478e+06,106.64,-602752)
(-9.99469e+06,141.023,-602763)
(-9.9946e+06,178.985,-602776)
(-9.99451e+06,220.149,-602793)
(-9.99442e+06,264.106,-602814)
(-9.99433e+06,310.423,-602839)
(-9.99425e+06,358.638,-602868)
(-9.99417e+06,408.276,-602901)
(-9.99409e+06,458.843,-602938)
(-9.99401e+06,509.837,-602980)
(-9.99394e+06,560.755,-603026)
(-9.99387e+06,611.09,-603076)
(-9.9938e+06,660.344,-603131)
(-9.99373e+06,708.027,-603190)
(-9.99367e+06,753.668,-603253)
(-9.99361e+06,796.812,-603320)
(-9.99355e+06,837.033,-603391)
(-9.99349e+06,873.931,-603464)
(-9.99344e+06,907.14,-603541)
(-9.99338e+06,936.33,-603621)
(-9.99333e+06,961.211,-603703)
(-9.99328e+06,981.537,-603786)
(-9.99323e+06,997.105,-603872)
(-9.99318e+06,1007.76,-603958)
(-9.99313e+06,1013.4,-604045)
(-9.99308e+06,1013.96,-604133)
(-9.99303e+06,1009.44,-604220)
(-9.99298e+06,999.89,-604307)
(-9.99293e+06,985.394,-604392)
(-9.99288e+06,966.1,-604477)
(-9.99283e+06,942.199,-604559)
(-9.99277e+06,913.927,-604639)
(-9.99272e+06,881.565,-604716)
(-9.99266e+06,845.434,-604791)
(-9.9926e+06,805.891,-604862)
(-9.99254e+06,763.329,-604930)
(-9.99248e+06,718.171,-604994)
(-9.99241e+06,670.863,-605053)
(-9.99234e+06,621.875,-605109)
(-9.99227e+06,571.694,-605161)
(-9.9922e+06,520.816,-605208)
(-9.99212e+06,469.748,-605250)
(-9.99205e+06,418.995,-605289)
(-9.99197e+06,369.061,-605323)
(-9.99188e+06,320.442,-605352)
(-9.9918e+06,273.621,-605378)
(-9.99171e+06,229.063,-605399)
(-9.99162e+06,187.209,-605417)
(-9.99153e+06,148.475,-605431)
(-9.99144e+06,113.247,-605443)
(-9.99134e+06,81.8741,-605451)
(-9.99124e+06,54.6675,-605457)
(-9.99115e+06,31.898,-605460)
(-9.99105e+06,13.7916,-605462)
(-9.99095e+06,0.528502,-605463)
(-9.99085e+06,-7.75952,-605462)
(-9.99075e+06,-10.99,-605461)
(-9.99065e+06,-9.13059,-605460)
(-9.99055e+06,-2.19973,-605459)
(-9.99045e+06,9.73389,-605460)
(-9.99035e+06,26.5518,-605461)
(-9.99025e+06,48.0871,-605464)
(-9.99015e+06,74.1259,-605469)
(-9.99006e+06,104.409,-605477)
(-9.98996e+06,138.637,-605487)
(-9.98987e+06,176.468,-605501)
(-9.98978e+06,217.527,-605518)
(-9.98969e+06,261.405,-605538)
(-9.98961e+06,307.667,-605563)
(-9.98952e+06,355.852,-605591)
(-9.98944e+06,405.482,-605624)
(-9.98937e+06,456.063,-605661)
(-9.98929e+06,507.091,-605703)
(-9.98922e+06,558.059,-605748)
(-9.98914e+06,608.461,-605799)
(-9.98908e+06,657.795,-605853)
(-9.98901e+06,705.57,-605912)
(-9.98895e+06,751.31,-605975)
(-9.98889e+06,794.561,-606042)
(-9.98883e+06,834.892,-606112)
(-9.98877e+06,871.901,-606186)
(-9.98871e+06,905.221,-606263)
(-9.98866e+06,934.518,-606342)
(-9.98861e+06,959.503,-606424)
(-9.98855e+06,979.925,-606508)
(-9.9885e+06,995.581,-606593)
(-9.98845e+06,1006.32,-606679)
(-9.9884e+06,1012.02,-606767)
(-9.98835e+06,1012.64,-606854)
(-9.9883e+06,1008.17,-606941)
(-9.98825e+06,998.643,-607028)
(-9.9882e+06,984.166,-607114)
(-9.98815e+06,964.879,-607198)
(-9.9881e+06,940.972,-607280)
(-9.98805e+06,912.685,-607360)
(-9.98799e+06,880.297,-607438)
(-9.98793e+06,844.132,-607512)
(-9.98788e+06,804.548,-607583)
(-9.98781e+06,761.939,-607651)
(-9.98775e+06,716.73,-607715)
(-9.98769e+06,669.37,-607774)
(-9.98762e+06,620.33,-607830)
(-9.98755e+06,570.099,-607881)
(-9.98748e+06,519.176,-607928)
(-9.9874e+06,468.068,-607971)
(-9.98732e+06,417.284,-608009)
(-9.98724e+06,367.33,-608043)
(-9.98716e+06,318.703,-608072)
(-9.98707e+06,271.887,-608098)
(-9.98699e+06,227.349,-608119)
(-9.9869e+06,185.532,-608137)
(-9.9868e+06,146.852,-608151)
(-9.98671e+06,111.695,-608162)
(-9.98662e+06,80.4115,-608170)
(-9.98652e+06,53.313,-608176)
(-9.98642e+06,30.6695,-608179)
(-9.98632e+06,12.7068,-608181)
(-9.98622e+06,-0.395957,-608181)
(-9.98612e+06,-8.50814,-608180)
(-9.98602e+06,-11.5487,-608179)
(-9.98592e+06,-9.4873,-608178)
(-9.98582e+06,-2.34423,-608178)
(-9.98572e+06,9.80942,-608178)
(-9.98562e+06,26.8527,-608179)
(-9.98553e+06,48.6157,-608182)
(-9.98543e+06,74.8817,-608187)
(-9.98533e+06,105.389,-608195)
(-9.98524e+06,139.833,-608205)
(-9.98515e+06,177.872,-608219)
(-9.98506e+06,219.124,-608236)
(-9.98497e+06,263.18,-608256)
(-9.98488e+06,309.6,-608281)
